4
52 97
0 464 466 174
89 0 373 301
354 482 0 438
317 399 97 0
2 4
1 6
4 1
3 4
90
SP 1 311 1 299
NP 3 881 3 453
NP 7 788 1 398
EP 9 991 2 477 5
EP 18 806 1 112 10
NP 23 25 4 129
EP 26 494 2 309 7
SP 29 760 3 337
SP 39 934 3 407
NP 48 299 2 202
EP 57 333 2 289 8
SP 58 446 4 411
EP 66 403 3 426 7
SP 67 200 4 158
EP 74 396 2 83 9
NP 84 327 1 281
EP 89 427 4 194 10
SP 98 947 4 115
EP 101 467 2 382 9
SP 107 797 1 97
EP 112 599 3 95 5
NP 121 424 3 175
NP 122 916 1 452
EP 128 275 4 306 3
SP 130 883 4 112
SP 139 680 1 68
NP 140 89 1 146
NP 146 296 3 89
SP 149 23 1 315
SP 157 570 3 243
NP 164 186 3 223
EP 165 459 4 314 1
EP 166 766 1 323 7
EP 170 75 1 130 8
NP 171 783 1 219
NP 178 973 2 366
SP 185 676 3 464
NP 186 242 2 68
NP 188 609 4 76
SP 194 820 2 307
EP 196 858 4 408 6
NP 206 582 4 295
EP 209 566 1 462 6
SP 216 376 4 262
NP 217 966 2 272
SP 222 443 1 306
NP 229 416 4 153
EP 233 576 1 410 2
EP 239 742 3 399 1
EP 248 223 4 398 10
NP 257 635 3 232
SP 264 573 4 212
EP 270 649 4 192 6
SP 273 988 2 281
NP 278 639 1 450
SP 288 636 3 397
EP 298 444 1 120 4
SP 304 228 3 463
NP 309 763 4 291
NP 317 835 1 415
EP 327 121 2 385 6
NP 329 643 4 277
SP 336 574 1 361
NP 346 39 3 463
NP 350 266 1 212
SP 358 180 4 361
SP 359 246 4 203
EP 361 301 3 183 1
SP 367 982 2 251
NP 373 933 3 199
EP 374 900 4 416 5
NP 377 745 1 228
NP 379 673 3 187
EP 382 929 4 317 3
SP 391 669 4 283
SP 398 719 2 490
EP 405 59 1 209 5
SP 413 784 4 367
EP 418 51 2 257 6
NP 420 258 1 158
NP 429 323 2 407
EP 435 274 3 409 10
SP 436 408 3 332
NP 440 577 4 65
EP 443 317 2 366 1
EP 451 708 3 128 9
EP 459 147 1 346 1
SP 469 41 3 321
EP 479 84 2 300 8
EP 484 985 1 437 7