4
110 75
0 154 587 634
154 0 533 214
587 533 0 945
634 214 945 0
3 2
3 2
2 5
2 1
30
EP  1   1   1   412 1
SP  1  2   1   142
NP  1  3   2   381
EP  2  4   3   459 1
SP  4  5   2   294
EP  3  6   1   177 2
NP  8   7   2   350
SP  10  8   3   223
EP  10  9   1   478 7
NP  11  10  3   490
EP  4  11  2  409 6
SP  3  12  1   325
NP  1  13  2   278
EP  1  14  1   487 3
SP  2  15  3   216
NP  7   16  1   389
EP  14  17  2   302 9
SP  4  18  2   443
NP  9  19  1   460
EP  2   20  2   301 2
SP  10  21  1   215
NP  9   22  3   393
EP  26  23  2   178 1
SP  20  24  4   492
NP  15  25  3   299
EP  27  26  2   105 4
SP  15  27  2   487
NP  15  28  2   311
EP  30  29  2   145 3
SP  32  30  1   366
1
15 17 2