3
90 67
0 319 223
79 0 206
64 465 0
4 7
1 10
4 6
55
NP 1 792 3 165
SP 4 349 3 365
NP 9 510 3 90
NP 11 908 2 462
NP 19 248 3 350
EP 24 34 3 152 3
SP 25 772 2 102
NP 32 673 2 209
SP 40 965 1 88
SP 45 9 3 432
SP 52 821 3 418
EP 58 747 3 71 2
NP 68 433 3 95
EP 75 13 1 267 9
SP 79 793 2 147
SP 87 718 2 485
EP 96 484 1 108 10
SP 102 553 3 304
EP 107 387 2 202 1
SP 117 665 3 145
NP 121 690 1 228
EP 125 628 3 412 1
SP 134 213 1 114
NP 141 242 2 269
EP 148 819 3 448 4
SP 154 312 3 195
SP 160 80 1 307
EP 168 781 1 439 10
NP 173 964 3 128
EP 174 710 2 383 1
NP 178 394 2 402
NP 184 559 1 168
EP 185 200 1 213 2
SP 191 75 1 175
EP 192 427 2 489 7
EP 193 504 3 454 6
NP 200 281 1 273
NP 209 638 3 82
SP 219 18 3 98
EP 228 447 1 431 1
EP 235 770 1 208 10
EP 239 324 1 375 5
NP 243 100 2 86
SP 251 330 1 92
EP 259 764 2 223 2
NP 260 319 1 341
SP 269 359 3 135
SP 271 501 2 205
SP 272 698 3 353
EP 276 566 2 365 8
EP 278 949 1 427 4
EP 279 104 1 106 4
SP 284 138 2 401
EP 288 327 2 245 6
SP 293 556 1 89