5
96 97
0 419 252 133 266
204 0 464 302 271
482 84 0 489 119
434 216 222 0 395
103 207 318 279 0
1 5
3 1
5 2
2 4
4 4
68
EP 1 776 1 357 8
SP 3 727 3 465
EP 4 537 5 109 4
EP 7 661 2 157 4
NP 13 199 5 485
EP 19 672 3 365 6
SP 28 73 3 384
SP 31 928 4 401
EP 40 773 1 123 8
SP 41 739 2 86
EP 45 104 5 199 6
EP 48 135 2 327 1
EP 54 270 2 346 1
NP 59 849 4 491
SP 63 335 4 382
SP 70 53 1 263
EP 76 117 2 455 9
SP 81 396 3 486
NP 90 607 2 191
SP 100 336 3 293
SP 106 612 3 223
SP 109 364 1 128
EP 117 259 2 462 5
EP 127 502 1 199 2
NP 137 531 4 414
NP 143 163 5 441
SP 146 632 5 68
EP 153 273 4 261 7
SP 163 362 1 209
NP 165 898 5 413
EP 170 417 3 469 2
EP 171 984 2 500 10
SP 172 620 1 371
NP 178 843 3 419
SP 182 600 1 99
EP 190 522 3 328 9
EP 200 935 5 176 2
SP 202 439 4 326
NP 211 923 2 220
NP 217 410 3 198
NP 220 345 1 449
SP 228 903 1 115
SP 235 838 4 495
NP 238 602 5 54
EP 246 957 5 318 4
EP 252 17 2 240 9
EP 254 788 5 366 1
SP 260 479 3 69
SP 267 561 4 261
EP 269 253 5 437 1
NP 271 438 1 265
EP 276 426 2 500 3
EP 283 780 5 179 2
EP 284 39 5 438 1
NP 294 529 3 399
NP 299 577 5 322
NP 308 59 1 163
NP 317 278 1 192
SP 326 892 1 303
SP 329 683 2 111
EP 332 145 3 476 6
NP 340 989 5 165
EP 346 339 1 450 1
EP 349 190 2 298 2
EP 355 978 4 141 10
NP 363 771 4 419
EP 371 25 3 252 4
NP 375 373 2 118